+-----+---------------------+-------------+------------+
| №   | Дата/время          | Температура | Осадки (мм) |
+-----+---------------------+-------------+------------+
| 1   | 2025-05-22T00:00    | 11,2        | 0,00       |
| 2   | 2025-05-22T01:00    | 11,6        | 0,00       |
| 3   | 2025-05-22T02:00    | 11,0        | 0,00       |
| 4   | 2025-05-22T03:00    | 10,6        | 0,00       |
| 5   | 2025-05-22T04:00    | 9,2         | 0,00       |
| 6   | 2025-05-22T05:00    | 9,0         | 0,00       |
| 7   | 2025-05-22T06:00    | 10,0        | 0,00       |
| 8   | 2025-05-22T07:00    | 11,2        | 0,00       |
| 9   | 2025-05-22T08:00    | 12,6        | 0,00       |
| 10  | 2025-05-22T09:00    | 15,1        | 0,00       |
| 11  | 2025-05-22T10:00    | 16,0        | 0,00       |
| 12  | 2025-05-22T11:00    | 17,0        | 0,00       |
| 13  | 2025-05-22T12:00    | 17,3        | 0,00       |
| 14  | 2025-05-22T13:00    | 17,8        | 0,00       |
| 15  | 2025-05-22T14:00    | 18,2        | 0,00       |
| 16  | 2025-05-22T15:00    | 17,7        | 0,00       |
| 17  | 2025-05-22T16:00    | 18,1        | 0,00       |
| 18  | 2025-05-22T17:00    | 17,7        | 0,00       |
| 19  | 2025-05-22T18:00    | 17,0        | 0,00       |
| 20  | 2025-05-22T19:00    | 15,8        | 0,00       |
| 21  | 2025-05-22T20:00    | 13,9        | 0,00       |
| 22  | 2025-05-22T21:00    | 12,5        | 0,00       |
| 23  | 2025-05-22T22:00    | 11,4        | 0,00       |
| 24  | 2025-05-22T23:00    | 10,5        | 0,00       |
+-----+---------------------+-------------+------------+
